Mouse symbol	FC.old	log2FC.old	fdr.old	log10.old	significant.level.old	FC.new	log2FC.new	fdr.new	log10.new	significant.level.new	grouping
Shank2	-2.41204918538194	-1.27025932630231	8.5433784165931705e-038	37.068370356764916	3	-2.36586114382664	-1.24236540208373	1.47487042783876e-22	21.83124613219187	3	both
Ccnd1	-2.58749517180186	-1.37155617058336	3.31825664282388e-20	19.47909002751845	3	-1.65216871991053	-0.724361022683015	9.78908665301253e-7	6.009257827099918	3	both
Pvalb	-1.38320795872551	-0.468018075120019	7.52916374730358e-5	4.12325325754428	3	-1.4718615885871	-0.55764200913424	0.00784856459451975	2.1052097630867137	3	both
Nrp2	1.21358433497132	0.279274368412615	0.0455836524682368	1.3411908791721308	2	1.27901216781896	0.355029989292709	0.0318089314705177	1.4974509195204941	2	both
Scn7a	1.43671481303494	0.52277371617758694	7.5306604907431e-4	3.123166931514378	3	1.47516057221513	0.560872001342292	0.00784856459451975	2.1052097630867137	3	both
Myl4	-1.43935489750326	-0.525422357012562	7.36722568201074e-8	7.132696026093169	3	-1.50164421712756	-0.586543037228318	2.29535767946877e-4	3.639149629901893	3	both
Rph3a	-1.15015477290357	-0.201828013409685	4.41794326877046e-4	3.3547798652455096	3	-1.25684755679347	-0.329809675697045	1.97017785713739e-5	4.705494566281699	3	both
Igfbp4	-1.48122195651829	-0.566787840205007	4.4911585842930697e-005	4.3476416095849295	3	-1.33123509599919	-0.412765373565014	0.00276916934438331	2.557650484816943	3	both
Krt80	-2.41044692731781	-1.2693006651466	1.77137770709229e-9	8.751688825249124	3	-2.27744707424733	-1.18741752752541	7.06926639398105e-9	8.150625652338405	3	both
Stac2	-1.23696594061199	-0.306805776800414	1.69290965811509e-8	7.771366217336409	3	-1.3159213487936	-0.39607326331606	9.20571534561844e-4	3.035942458264384	3	both
Synpr	1.23034917279304	0.299067810172758	0.0235492819225511	1.6280223310755626	2	1.29887995009718	0.377268094832708	7.54467262491648e-4	3.122359600192816	3	both
Col15a1	-1.55328582592578	-0.635323329856214	0.0435514741589526	1.3609971401221466	2	-1.95825000680354	-0.969564963384265	6.5861063035161e-4	3.1813712638066396	3	both
Hrk	1.26831292047904	0.342910733748286	0.00453459674080976	2.343461328455731	3	1.42447445816087	0.510429753346563	0.00409461168172232	2.3877872788807997	3	both
Nnat	1.21310356231935	0.278702718196985	0.00208484646327739	2.6809259227557583	3	1.7404383333671	0.799450697875697	0.00435786003242413	2.3607267227180397	3	both
Col1a2	-1.34548718411967	-0.428128649250316	0.0248857323387206	1.604049574289643	2	1.24792345591551	0.319529446092983	0.0498960247476832	1.3019340535532935	2	both
Diras2	-1.18819131742743	-0.248767151358733	0.019565092639433	1.708518091402488	2	-1.26916628953543	-0.343881107296385	9.20571534561844e-4	3.035942458264384	3	both
Vip	1.24379397073537	0.314747528864766	0.00962728998315024	2.016495946624089	3	1.28343105753484	0.360005800296671	0.0109594577095961	1.960210934862297	2	both
Klhl33	-1.37629687025964	-0.460791696098261	0.033749296545177	1.4717352749731576	2	-1.45516342114173	-0.541181183120803	0.0460335421700913	1.3369256059068702	2	both
St8sia2	1.80191635622912	0.849532043751802	1.89629567920795e-5	4.722093944510283	3	1.84900827676529	0.88675168273103	0.00236399616590511	2.626353232159481	3	both
Tpcn2	-1.95456791060399	-0.966849711303873	3.20442791965055e-4	3.494249492983049	3	-1.86827042589583	-0.901703295444579	0.0212112615657293	1.673433500519684	2	both
Adamtsl5	-1.59941457198735	-0.677543937210342	6.95381441671661e-4	3.1577769039420036	3	-1.66839130250739	-0.738457696444215	5.7605970976766e-4	3.239532498731942	3	both
Chrnb3	-2.5357008922447	-1.34238457721033	0.00202624445304952	2.693308161045727	3	-3.21098082226384	-1.68301404852445	3.99875257303856e-6	5.3980754674564855	3	both
Hcrtr1	-1.91212896511255	-0.935179830355164	0.00265345087067484	2.576188949034159	3	-1.83122143550582	-0.872806255684782	0.0282911957569065	1.5483486962456803	2	both
Dmxl2	1.08036031015174	0.111512544775284	0.365837822998741	0.43671139598787895	0	-1.20442798925433	-0.268348139818561	0.00102698200942219	2.9884371642674776	3	new
Herc6	1.07931548462229	0.110116627173974	0.695105145320996	0.15794949673529696	0	-1.2456890847486	-0.316944026736825	0.0378988210045442	1.42137430030066	2	new
Zcchc12	1.11696963780081	0.159589970074101	0.242726694339982	0.6148824586617354	0	1.30771058897863	0.387043291566776	0.00208956505992752	2.679944102276929	3	new
Slc6a1	-1.08818953722856	-0.121929862290932	0.222765747024839	0.6521515864862676	0	-1.16476195392912	-0.220035136873298	0.00288023064983697	2.540572732400311	3	new
Cdh13	1.16391287731638	0.218983071847833	0.132538322031428	0.8776585319877506	0	1.32898160033025	0.410321130726915	0.0345738540761771	1.4612522053369539	2	new
Kndc1	-1.1594929222739	-0.213494013574683	0.0668004474282263	1.175220628617883	1	-1.2043810300824	-0.268291889809593	0.023508011033759	1.6287841141164134	2	new
Erich3	1.03434158824854	0.0487127101103936	0.896474621795957	0.047462000323750204	0	-1.27054643345543	-0.345449101162048	0.0460335421700913	1.3369256059068702	2	new
Dtl	1.28179640375333	0.358167127306492	0.0812728748310746	1.0900543778601863	1	1.49088758671218	0.57617148216405	0.00236399616590511	2.626353232159481	3	new
Clcc1	-1.13793284925799	-0.186415425042682	0.169476920622117	0.7708894356845718	0	-1.21549400891689	-0.28154278244341	0.046434440669034	1.333159781424554	2	new
Sh3bgrl3	-1.03614439976883	-0.0512250747555295	0.848567211665193	0.07131375322929474	0	1.1792725500965	0.237897188403102	0.00481106606733731	2.3177586791641542	3	new
Baalc	1.0567969359321	0.079698188765924	0.299707434562773	0.523302483782615	0	1.12146632415819	0.165386299247713	3.6867312997263e-4	3.4333585139530363	3	new
Ypel1	1.17411003281515	0.231567618293041	0.269152361101806	0.5700018060433968	0	1.24017279771828	0.310541150485457	0.0177523935504617	1.7507430828524713	2	new
Ergic3	-1.00330985622508	-0.00476722808716089	0.987597049170407	0.005420216361534854	0	1.1855862525748	0.245600624131938	0.0399441195321194	1.3985471473319224	2	new
Utrn	-1.02428147574714	-0.0346122269227662	0.921956194509261	0.035289713365957445	0	-1.1969617844054	-0.259377091856249	0.0231937298456295	1.6346294056905186	2	new
4930453N24Rik	1.13282079766435	0.179919657478985	0.34525691984422	0.4618576082741865	0	1.27676248958513	0.352490171894972	0.00156774855412642	2.804723591085355	3	new
Pdxp	-1.02995602845551	-0.0425827462596547	0.814043523787507	0.08935237442845934	0	1.09446395615952	0.130224443211265	0.00784856459451975	2.1052097630867137	3	new
Pclo	-1.00364688176318	-0.00525176775643971	0.98302930448342	0.0074335354885689715	0	-1.12889210894461	-0.174907610709278	0.0136530387897625	1.8647706758945133	2	new
Ly6h	1.0272659654107	0.0388097525448545	0.851271990412533	0.06993165605835028	0	1.28126046181249	0.357563784632428	0.00587403333190404	2.231063593424229	3	new
Zfp57	1.33939976818156	0.421586623466321	0.0755314616827002	1.121872110767037	1	1.56082327289457	0.642307194745423	0.00132675421180593	2.8772095250204757	3	new
Ablim3	1.08139747172175	0.11289688855424	0.522204967201546	0.2821590014943801	0	1.1686468123223	0.224838985387021	0.0378988210045442	1.42137430030066	2	new
Kcnc1	-1.11107998001134	-0.151962671463846	0.11143299400214	0.9529862006208646	0	-1.1811411888299	-0.240181428960272	0.0316744109202893	1.4992914533647022	2	new
Xpot	1.04527285821039	0.0638795928354786	0.884188991108624	0.053454896725485986	0	1.24233291719646	0.313051835094711	0.0317747568218514	1.49791776449802	2	new
Hsph1	1.12895764468201	0.174991361262862	0.202871228014409	0.6927795419297634	0	1.25448637217261	0.327096798442761	0.0276976142128609	1.5575576381129135	2	new
Hsbp1	1.07211348229766	0.100457621917826	0.366596765979742	0.4358113705886072	0	1.1303318118878	0.176746341751834	0.0321704003356207	1.4925435346072258	2	new
Kctd4	1.14451497533269	0.194736339867713	0.356948294289626	0.4473946890166997	0	1.31951732314814	0.400010291062713	0.0231937298456295	1.6346294056905186	2	new
Gm13889	1.08844022004256	0.122262173151779	0.809405596217724	0.09183379722876747	0	1.39008508859094	0.475173194553877	0.0364418041132014	1.4384001306833114	2	new
Pitpnc1	-1.15483463092917	-0.207686276559629	0.122730393026323	0.9110478750145066	0	-1.17551662045809	-0.233294937189968	0.0378988210045442	1.42137430030066	2	new
Col23a1	1.15035124291752	0.202074434252352	0.504148165562568	0.2974418087336999	0	1.50605093947069	0.590770567406195	0.00948147101869506	2.0231242780900622	3	new
Kif1a	-1.00804781564352	-0.0115640731192649	0.969551133213258	0.013429281699494595	0	-1.12224932078574	-0.166393223097445	0.030351879931708	1.517814404467399	2	new
Lamb1	1.27269680151309	0.347888762480725	0.112568802658645	0.948581953272331	0	1.5174589220272101	0.601657462912755	0.00409461168172232	2.3877872788807997	3	new
Lrrc47	1.00707762574544	0.0101748908539111	0.979600919211198	0.008950816025719092	0	1.14221768987574	0.191837633340568	0.030351879931708	1.517814404467399	2	new
Cyp26b1	1.22825378167857	0.296608681018933	0.354403616330218	0.45050185522673225	0	2.12169124563843	1.08521472656586	0.0318089314705177	1.4974509195204941	2	new
Kcnt2	1.04080544887536	0.0577004200554479	0.847202945557748	0.07201254294158622	0	-1.2906198583243	-0.368064129018434	0.0378988210045442	1.42137430030066	2	new
Rtn4rl2	-1.04465911236381	-0.0630322464843646	0.860189795949193	0.06540571359457899	0	1.25711672647932	0.330118613874897	0.0142995136205474	1.8446787342485553	2	new
Fosb	1.0850842780503	0.117807100552962	0.762280103495802	0.11788541573403656	0	1.51906062976417	0.603179452798846	2.7286190628891e-4	3.5640570910919123	3	new
Pcgf5	1.01800311688911	0.0257419786175187	0.96801629658374	0.01411733126927501	0	-1.30050447932506	-0.379071368361208	0.00288023064983697	2.540572732400311	3	new
Pnrc1	1.0779888806775	0.108342296945564	0.68931235723279	0.1615839358828507	0	1.19787243836433	0.260474283470886	0.0460335421700913	1.3369256059068702	2	new
Lypd1	1.15693732489658	0.210310711022723	0.247918654462896	0.6056907938231668	0	1.44800655099679	0.53406812940262	7.54467262491648e-4	3.122359600192816	3	new
Fkbp1a	1.02209962836736	0.0315358287081691	0.82280752007134506	0.08470174771313746	0	1.14272414270177	0.19247717434079	0.00353276775235331	2.4518849125755606	3	new
Fat1	1.00071820198639	0.00103577454097389	0.998680334700454	5.735018560865771e-4	0	1.31262895551431	0.392459163229836	3.43383225204755e-4	3.4642209246059514	3	new
Grcc10	1.02918854710322	0.0415073078418375	0.866789396231339	0.06208641021145485	0	1.19028981160177	0.251312883496144	0.0133536192020462	1.8744010124673736	2	new
Arrdc2	-1.30476223086347	-0.383786925869819	0.589876008340342	0.22923926726073893	0	-1.88285702242507	-0.912923450897476	0.00158368672789418	2.8003307228742984	3	new
Crhbp	-1.32107219437092	-0.40170930959377	0.0533694251976539	1.272707474633763	1	-1.50828073877301	-0.592904984800019	0.0174390592791955	1.7584769460590408	2	new
Arpp21	1.10274718745752	0.141102080859739	0.376589243277763	0.42413208913037037	0	1.21968727668763	0.286511293521423	1.64752918987508e-4	3.7831668821121784	3	new
Ccdc3	1.16106799871919	0.215452467071896	0.482601745798193	0.31641111137636196	0	1.68464610467143	0.752445554814249	0.00601157193887825	2.221011951438708	3	new
Lrpap1	1.06461835816983	0.0903363492759268	0.499164946751737	0.30175592005400653	0	1.17927925408676	0.237905389888	0.00659274997317141	2.180933394350485	3	new
Itga3	1.0136725460477	0.019591683417305	0.972388532917947	0.012160171301165229	0	-1.25819643483718	-0.331357179325201	0.0212112615657293	1.673433500519684	2	new
Rfxap	1.06196822592607	0.086740601373093	0.846242090889282	0.07250537727187224	0	1.37836455117976	0.462957503878937	0.00587403333190404	2.231063593424229	3	new
Pdyn	1.19367632894572	0.255411695959334	0.232087160072963	0.6343488856694958	0	1.2196955214997	0.286521045782941	0.0139111435922176	1.8566371665302526	2	new
Sema5a	-1.17329940798103	-0.230571213955248	0.376841595786047	0.42384116579604914	0	-1.33335896105892	-0.415065228756822	0.0439660667117291	1.3568823854560084	2	new
Slc24a2	-1.13660336431596	-0.184728890847455	0.485463023702328	0.3138438434358795	0	-1.42387497565174	-0.509822475008084	0.030351879931708	1.517814404467399	2	new
Scn4b	-1.32157352973034	-0.402256695903583	0.640513529661992	0.19347169215585006	0	-1.35298410128369	-0.436144886517755	0.0125095305178958	1.9027589890526404	2	new
Adcy1	-1.01158701384174	-0.0166204217634767	0.960460659201389	0.017520419289179214	0	-1.22620308127977	-0.294197935058184	1.97017785713739e-5	4.705494566281699	3	new
Cpne6	1.14011271807818	0.189176464542194	0.331654526664175	0.47931407075560484	0	1.32367146128367	0.404545085896183	0.0436568041838832	1.3599480591927002	2	new
Lztr1	1.05454562804786	0.0766215189668366	0.761952336701291	0.11807219474312643	0	1.15456004031847	0.207343199199029	0.030351879931708	1.517814404467399	2	new
Tmem9	-1.01510980221491	-0.0216357890292999	0.948487905306563	0.02296820266895029	0	1.1839582867322	0.243618252770326	0.0362010296116619	1.4412790773037312	2	new
Pcdha9	-1.11997277694326	-0.163463665277278	0.851918148689818	0.06960212974031718	0	-1.7112872166611	-0.775081917207685	0.00260459528764682	2.584259749522429	3	new
Fam43a	-1.16589580544314	-0.221438862563063	0.314154075016564	0.5028573025062808	0	-1.33768993317359	-0.419743748480916	0.00659274997317141	2.180933394350485	3	new
Rsph10b	-1.08600967489285	-0.119036955681653	0.846798770417654	0.07221978126341404	0	-1.3159776649581	-0.396135003565838	0.0329320126605828	1.4823817262976788	2	new
Pcdhgb7	-1.08124192079837	-0.112689352756139	0.670308566060443	0.17372523060028952	0	-1.34511608246494	-0.42773068160715	0.0329320126605828	1.4823817262976788	2	new
Focad	-1.028995695669	-0.0412369473922655	0.917812378139366	0.037246089459650536	0	-1.26278663728822	-0.336610899355549	0.0329320126605828	1.4823817262976788	2	new
Clstn2	-1.1103392568552	-0.151000549910293	0.580521536819604	0.23618166369731133	0	-1.28456602525725	-0.361281045056318	0.0140300781904883	1.8529399086150484	2	new
Olfm3	-1.03610295862455	-0.0511673722490248	0.908573552478837	0.041639909145508684	0	-1.40090003188553	-0.486354008838861	0.0436568041838832	1.3599480591927002	2	new
Ifit2	-1.02327897390504	-0.0331995169323095	0.960460659201389	0.017520419289179214	0	-1.33266120849055	-0.414310062532169	0.0329320126605828	1.4823817262976788	2	new
Ache	-1.13339260729827	-0.180647697423407	0.233109624435258	0.6324397953218259	0	-1.14915799715934	-0.200577167042113	0.0316744109202893	1.4992914533647022	2	new
Abcc8	-1.09463308659689	-0.130447369503692	0.470579905339082	0.32736662196807137	0	-1.39214949160487	-0.477314138785082	0.00156774855412642	2.804723591085355	3	new
Smoc2	1.20437861110943	0.268288992185226	0.513677262789121	0.28930965729251923	0	1.80174583836207	0.849395513040504	9.78908665301253e-7	6.009257827099918	3	new
Inhba	1.13428190842548	0.18177924463881	0.548813785671141	0.26057498810722507	0	1.48710902234624	0.572510417553539	0.030351879931708	1.517814404467399	2	new
Arl2bp	1.01273428605359	0.0182556998271781	0.931288986614949	0.030915532963296802	0	1.1022750460703299	0.14048425847414	0.0329320126605828	1.4823817262976788	2	new
Wfs1	1.09677265872041	0.133264511951758	0.672064017105797	0.17258935648247326	0	1.35455158216024	0.437815333303561	0.0263386691969992	1.5794061722368273	2	new
Kcns3	-1.32464277733794	-0.405603353753546	0.0713944061568846	1.1463358144194489	1	-1.4222533733835	-0.508178502904977	0.00435786003242413	2.3607267227180397	3	new
Rspo1	-1.45418718507601	-0.540212987001299	0.277139611822648	0.5573013956666995	0	-1.76982636207101	-0.823607824225064	0.0491724712957734	1.3082779645154712	2	new
Dlk1	1.71708285187721	0.77995965326468	0.480933517431484	0.3179149548282669	0	3.84447674824358	1.94278725382194	0.0299051966646587	1.5242533372045504	2	new
Cfap100	-1.1949137588866	-0.256906497606524	0.59439624154878	0.22592394534402535	0	1.47237622202104	0.55814635637678	0.025680002101879	1.5904049450566728	2	new
Ido2	-1.22592398170012	-0.293869521749355	0.67284395775305506	0.17208564327142817	0	-1.79443726107475	-0.843531483076751	0.0212112615657293	1.673433500519684	2	new
Mypn	-1.16042348811875	-0.21465140251816	0.678902830778865	0.16819238047117163	0	-1.57711820933067	-0.657290798127007	0.0498960247476832	1.3019340535532935	2	new
Emp1	-1.16599724466111	-0.221564379345915	0.841442683496101	0.07497546149343101	0	1.6987016504849	0.764432488683125	0.0212112615657293	1.673433500519684	2	new
Tmem100	-1.07653502260937	-0.106395255058295	0.877018118064903	0.05699143457656806	0	1.32798424031566	0.409238025786237	0.0378988210045442	1.42137430030066	2	new
Wnt2b	-1.0717967931887	-0.100031404631085	0.916624602333827	0.03780849040954675	0	-2.42055693071242	-1.27533902631635	0.0450190116972685	1.3466040433011581	2	new
Pkhd1l1	1.19184828519875	0.253200601469784	0.928519290149397	0.03220906928724384	0	7.93189905708498	2.98766631766137	0.0287437665458541	1.5414563230876774	2	new
Tll2	1.07661449616722	0.106501755890537	0.935246971188506	0.02907368959674322	0	2.71228983530262	1.43951135310978	0.0299051966646587	1.5242533372045504	2	new
Th	1.0177607719846	0.025398491049562	0.985286191933335	0.00643760348772947	0	2.07817209611106	1.05531513062587	0.0329320126605828	1.4823817262976788	2	new
Cdhr1	-1.00314701876724	-0.00453305929306004	0.997623298440894	0.001033416921089375	0	2.51124892038917	1.32840503872979	0.020133420889998	1.6960824274250057	2	new
Slc22a2	-1.00167741729287	-0.00241797420055262	0.998963250284382	4.5048824275796545e-4	0	2.31559244473795	1.21138135449474	0.00784856459451975	2.1052097630867137	3	new
Fam205a4	NA	NA	NA	NA	3	12003400776.0794	33.4827241536825	3.82578413909133e-16	15.417279537666323	3	new
Npy	-1.16376988343894	-0.218805816973082	0.0116003768726202	1.9355279012006166	2	1.05049243838368	0.0710657772935633	0.807940172982384	0.09262079702935443	0	old
Myl12b	-1.2229261922949	-0.290337334999127	1.63473241509629e-4	3.7865533256689585	3	1.09805355613235	0.134948421631152	0.420466614097925	0.37626848235992566	0	old
Rpl35a	-1.18762700827414	-0.248081807682839	1.10040360215209e-5	4.95844799662458	3	1.02118228012962	0.0302404089848624	0.964036857570913	0.015906361601665992	0	old
Cox8a	-1.18619143719868	-0.246336862505714	0.00157361190339239	2.803102367909463	3	1.0482947307867	0.0680443913646806	0.777169260443289	0.10948438548330817	0	old
Prrt2	-1.16857076992496	-0.224745107957369	2.29583295147083e-4	3.6390597150953745	3	-1.01009597937178	-0.0144923844471939	0.981265622073443	0.008213416079775855	0	old
Mt2	-1.30665440270247	-0.385877612871863	0.0250259222377523	1.601609909237781	2	1.09554304112095	0.131646165288391	0.727534409544801	0.13814646141829875	0	old
Arfgef3	1.11655608583291	0.159055721129719	0.0488297981143913	1.3113150712921018	2	-1.11920790836012	-0.162478061782232	0.412512763760965	0.3845626091863067	0	old
Zkscan16	1.17031943263677	0.226902359708483	0.0221021652738853	1.6555651778788514	2	-1.15676960841172	-0.210101554246704	0.643430585522758	0.19149829872150972	0	old
Rps8	-1.17056517632319	-0.227205265026991	7.52916374730358e-5	4.12325325754428	3	-1.08702288119407	-0.120382308569266	0.551361565945545	0.258563510771997	0	old
Rpl13	-1.40340335478984	-0.488929716243593	4.32243102797887e-7	6.36427192793424	3	-1.04830692063674	-0.0680611673089194	0.849139461965907	0.0710209757299305	0	old
Atp5k	-1.18136970157905	-0.240460516952915	0.0230755417687261	1.6368480937947416	2	1.06464076858192	0.0903667179520357	0.749224037248013	0.12538829766531331	0	old
Rplp1	-1.23246935252283	-0.30155177194756	0.00157361190339239	2.803102367909463	3	1.01367553328877	0.019595934959426	0.966320330216411	0.014878883331469318	0	old
Tmem245	1.14093230217422	0.190213191087566	0.0205756608350987	1.6866462075165198	2	-1.11329897046429	-0.154841072721431	0.629605430315781	0.20093153486435353	0	old
Fau	-1.18663454664462	-0.246875689888771	5.92642843989163e-4	3.227206955226058	3	-1.05006031140003	-0.0704721930903555	0.860328054802896	0.06533591477518229	0	old
Gapdh	-1.10936079048484	-0.149728640515758	0.0229283059736872	1.6396280313344964	2	1.01909592624172	0.0272898569989868	0.90743342265196	0.042185228810359486	0	old
Rps23	-1.18396758064109	-0.243629577682518	0.00180787779530472	2.742830929291258	3	1.09602893076229	0.132285880156498	0.71978100281663	0.14279961986813727	0	old
Fras1	1.24031693647146	0.310708817589077	0.0084146227075774	2.0749653520221574	3	1.31509127116749	0.395162930233358	0.319269413306772	0.49584268580871815	0	old
Ttpal	1.12537762440619	0.170409184058901	0.0192423599428094	1.7157416658071414	2	1.06049206605649	0.0847338275598771	0.818985769944814	0.08672364413473889	0	old
Rps13	-1.26107975883604	-0.334659523912236	1.18074836523478e-6	5.9278426470385845	3	-1.03400790188512	-0.0482472107659221	0.908579840038589	0.04163690372778642	0	old
Atp5e	-1.1697618425665	-0.226214834490478	0.0201222326157511	1.6963238348035676	2	-1.02426161119414	-0.0345842475336314	0.958540557947459	0.018389506447756783	0	old
Rpl34	-1.20280296528302	-0.266400329720463	0.00430898185735658	2.3656253344719738	3	-1.05701767943854	-0.079999507113225607	0.884447828655831	0.053327779933606816	0	old
Rpl27	-1.35038530982683	-0.433371114878072	7.52916374730358e-5	4.12325325754428	3	-1.1087140411624	-0.148887314467314	0.727534409544801	0.13814646141829875	0	old
Epha5	1.18593337633249	0.246022964070653	3.01029408678472e-4	3.5213910744962336	3	1.03038592958141	0.0431847980006137	0.929802626713399	0.031609231259488654	0	old
Scrt1	-1.16414450221565	-0.219270147327646	2.29583295147083e-4	3.6390597150953745	3	-1.10209019155576	-0.140242294313639	0.631560796245759	0.19958483639421257	0	old
Rpl8	-1.15829415024607	-0.212001674063069	1.80171432003036e-4	3.744314069666667	3	-1.06120522620962	-0.0857036856624231	0.653620677853874	0.18467421697780714	0	old
Pank3	1.1216856676077	0.165668443042722	0.0440938570229861	1.3556219104607043	2	-1.1123440987149	-0.153603148418905	0.435875394259438	0.36063764678632343	0	old
Nav3	1.18930709579696	0.250121287310762	0.0338434382089677	1.470525522721321	2	1.00650635715739	0.0093562844405611	0.990315936948415	0.0042262318830130355	0	old
Rps24	-1.14619048297383	-0.196846822459133	0.001308827019354	2.8831177480284795	3	1.01278938585291	0.0183341903512401	0.979098122648051	0.00917378216091837	0	old
Atp5g1	-1.11233530356017	-0.15359174117874	0.0179685752884289	1.745486356330248	2	1.02403680716256	0.0342675713501929	0.910284470675728	0.04082286620802313	0	old
Ubald1	-1.13492323695794	-0.182594720947669	0.00686400424027406	2.1634224568716096	3	1.02608116880218	0.0371448607661719	0.902213131432836	0.04469085617056512	0	old
Aldh1l1	-1.17577048335531	-0.233606465921361	0.0367717687933938	1.4344854792218407	2	-1.10544240532461	-0.144623861230935	0.690308576975571	0.16095673053749315	0	old
Ptprf	1.18023569317173	0.23907499468493	0.00612729055595356	2.2127315249470767	3	1.04059553890229	0.057409427517252	0.908183540983719	0.04182637308548177	0	old
Gucy1a2	1.29378980289794	0.37160324719953	0.0249856216226721	1.6023098411808498	2	-1.17461656130493	-0.232189884122893	0.723170306594152	0.14075941431788905	0	old
Rpl13a	-1.20758986111335	-0.272130549192652	5.03708378879099e-6	5.29782082486059	3	-1.0825828831163	-0.114477482673367	0.832533364926962	0.07959835252037246	0	old
Klhl24	1.11875403818375	0.161892889846987	0.0192423599428094	1.7157416658071414	2	-1.02929006245887	-0.0416496029325915	0.912846794293354	0.039602105243551365	0	old
Pnkd	-1.12875091588468	-0.174727158330055	0.00180787779530472	2.742830929291258	3	-1.04273517935455	-0.0603728070018835	0.713079677495505	0.14686194060632582	0	old
Cplx1	-1.25569502913797	-0.328486119185796	1.42949948698994e-5	4.84481599616292	3	-1.14650612095902	-0.197244057189664	0.104749774193946	0.9798469045566927	0	old
Rpl19	-1.14281490308825	-0.192591755240026	0.00445061323458137	2.3515801449637874	3	1.01772476462071	0.0253474490309355	0.948844426654572	0.022804989031217852	0	old
Rps26	-1.13119613401768	-0.177849094705625	0.0210818745087523	1.6760907761628254	2	1.05189207126337	0.0729866853897206	0.816401171590285	0.08809638071389123	0	old
Mrpl52	-1.33084714718325	-0.412344881795267	0.0164154721022442	1.7847466226238757	2	1.05977266475586	0.0837548208221012	0.871705259755762	0.05963033353020947	0	old
Adnp	1.30168936840067	0.380385208767846	0.0468959848634196	1.3288643390825077	2	1.10372220921818	0.142377112503087	0.739754611230045	0.13091231900204153	0	old
Cox4i1	-1.13157760885152	-0.178335534729037	0.0207718309943571	1.6825252196085003	2	-1.00050110993352	-7.22767738107996e-4	0.998367816074772	7.094275879533298e-4	0	old
Enho	-1.17302317845934	-0.230231520713377	0.0370587262986294	1.4311095113793113	2	-1.02885377523551	-0.0410379552805295	0.910284470675728	0.04082286620802313	0	old
Edem3	1.13912346449549	0.187924122780988	0.0217086662546492	1.6633668580766479	2	1.00678459507251	0.00975504693679963	0.986361260940123	0.005963992870472015	0	old
Rpl24	-1.15623595313182	-0.209435838735843	0.00180787779530472	2.742830929291258	3	-1.04685711497515	-0.0660645429525158	0.860234606452601	0.06538309016010709	0	old
Vamp1	-1.30181130537047	-0.380520348246416	1.18074836523478e-6	5.9278426470385845	3	-1.26294452285994	-0.336791267508132	0.160983061529921	0.793219817577367	0	old
Rpl26	-1.1501235334381	-0.201788827697424	0.033749296545177	1.4717352749731576	2	-1.0353463926569	-0.0501135265274307	0.925215142534384	0.03375726796226015	0	old
Chchd10	-1.20879446926464	-0.273568964703137	0.00475970825655001	2.322419666282335	3	1.06101271096001	0.0854419398805143	0.725074367298686	0.13961744770333864	0	old
Cmtm5	-1.22131096760114	-0.288430583041466	0.0421850072183814	1.374841872243561	2	-1.02149100456511	-0.0306764994931323	0.964363151368581	0.015759392511744883	0	old
Csrp1	-1.20623148452338	-0.270506797393105	0.00411667407916619	2.3854535151309233	3	-1.0265383739755	-0.0377875591653439	0.94503677482655	0.02455129118016283	0	old
Ckb	-1.1790429180565	-0.237616234467244	0.0041170054708423	2.385418555894172	3	-1.04145002042995	-0.0585936055734756	0.764565002647173	0.11658558534533667	0	old
Chl1	1.23262587010575	0.301734975532495	0.00488756491828337	2.3109074611121887	3	1.03034197804313	0.0431232579340244	0.947359256870185	0.023485296932258027	0	old
Asic2	-1.14820395192925	-0.199378926249545	0.0489221825451617	1.3104941762028717	2	-1.03421835868784	-0.0485408198283801	0.889741906415615	0.050735953888909245	0	old
Rpl39	-1.25184084213685	-0.324051151043809	0.00965939945781942	2.0150498736116895	3	-1.05289616461396	-0.0743631664842857	0.814832635915584	0.08893158483362651	0	old
Selenom	-1.17148956411688	-0.228344102417964	0.0124620715224585	1.9044097605664183	2	1.00766077444704	0.0110100422197653	0.97858539620535	0.009401269666164062	0	old
Tmsb4x	-1.12999383024607	-0.176314895562861	0.019565092639433	1.708518091402488	2	1.01699767645418	0.0243163830578908	0.953062993816373	0.02087839320983752	0	old
Bmi1	1.13585145172983	0.183774169467624	0.0496733842678576	1.3038762503372363	2	-1.0235283307104	-0.03355103593214	0.926918824769134	0.03295829767694391	0	old
Rps5	-1.13288511817677	-0.1800015700376	0.0187877289079918	1.7261257149680653	2	-1.04269581622089	-0.0603183444012458	0.836900459566898	0.07732619365738191	0	old
Gstm1	-1.17742750694267	-0.235638237253056	0.00475970825655001	2.322419666282335	3	1.03028760874815	0.043047127500148	0.947359256870185	0.023485296932258027	0	old
Apod	-1.35410073410465	-0.437335067707203	0.00310541189339196	2.5078807880273506	3	-1.09029931875187	-0.124724250964789	0.855392791538683	0.06783441389702846	0	old
Rps27a	-1.11904909547194	-0.162273332328737	0.044064690183956	1.3559092790281053	2	-1.02954591400577	-0.0420081703600466	0.935660832095077	0.028881550239992945	0	old
Kcna3	1.25326986587241	0.325697102796473	0.0409752744396424	1.3874781289783744	2	1.01514230264829	0.021681978577838	0.983421425290205	0.0072603341951880335	0	old
Kcnab2	-1.10674453533174	-0.146322249993938	0.0302018562007316	1.5199663645606643	2	-1.0424413245586	-0.0599661816069802	0.826572488390854	0.08271905385576106	0	old
Scn1b	-1.16773986692453	-0.223718926190434	0.00756883226103909	2.120971119404372	3	-1.04929546599937	-0.0694209765912062	0.818985769944814	0.08672364413473889	0	old
1810013L24Rik	1.16900976099432	0.225286976130745	0.0310865882593863	1.5074269389869541	2	-1.05113244159262	-0.0719444588251992	0.752975047544059	0.12321941542410594	0	old
Rpl32	-1.13591585286799	-0.183855965875637	0.0250259222377523	1.601609909237781	2	1.02700366429525	0.0384413291255896	0.934344339842427	0.029493040971495594	0	old
Apc	1.2228977083222	0.290303731855295	0.0423175047124062	1.3734799487607359	2	1.03915447702402	0.0554101361195407	0.877035310638478	0.05698292099344528	0	old
Pink1	-1.15395012199455	-0.206580866698953	3.71226042623859e-4	3.4303615643198087	3	-1.05584332258645	-0.07839576793721	0.742056451219124	0.12956305493605916	0	old
Trp53bp1	1.1627863157294	0.217585998305495	0.044622416651249	1.3504469129880556	2	-1.08516506897647	-0.117914513711503	0.627658391574841	0.2022766604338648	0	old
Fxyd7	-1.18918897518039	-0.249977993378124	0.00446970487227697	2.3497211517166066	3	-1.05293799546775	-0.0744204826457159	0.805916760441659	0.09370981222432681	0	old
Trnp1	-1.17944987971981	-0.238114113095387	0.00139487442924656	2.8554648871143415	3	-1.02451627534643	-0.034942903016891	0.933805029929467	0.029743791076953678	0	old
Nefh	-1.23721611158957	-0.307097526091575	0.00180787779530472	2.742830929291258	3	-1.30581754618731	-0.384953332106926	0.0660718937854526	1.1799832450490308	1	old
Tsc22d4	-1.25172862636555	-0.323921821189846	0.00202624445304952	2.693308161045727	3	1.01861798725984	0.026613098395072	0.961968010290971	0.016839369942548407	0	old
Casp3	1.27244233956101	0.347600282380231	0.0216445491675689	1.6646514556385892	2	1.01050468700014	0.015076013351676	0.985915597999729	0.006160262433965329	0	old
Bcas3	-1.16579891006547	-0.221318957946052	0.0468081994300833	1.3296780645469666	2	1.03194800007412	0.0453702750971327	0.884919734820043	0.053096119477991456	0	old
H3f3b	-1.16363429485502	-0.218637721564756	0.0146730448674892	1.8334797544638815	2	1.07053726007717	0.0983350096356903	0.705027443528068	0.15179397756061147	0	old
Nup160	1.32108693983082	0.401725412485981	0.0198912429669203	1.7013380777700668	2	1.30949757389852	0.389013386815044	0.404288868581782	0.3933082160743386	0	old
Cacna2d1	1.12594707849144	0.171139019787406	0.0466057756963856	1.3315602593263705	2	-1.01155651741658	-0.0165769280215193	0.97417686867089	0.011362186741108745	0	old
Fzd3	1.1124129672833	0.153692467242654	0.0435514741589526	1.3609971401221466	2	-1.01622718696623	-0.023222965958257	0.964036857570913	0.015906361601665992	0	old
Efhd2	-1.16477490923449	-0.220051183457595	2.14706725136034e-4	3.668154352192873	3	-1.04113347036384	-0.0581550299138518	0.48983473234968	0.30995042392135064	0	old
Ftl1	-1.11658259904535	-0.159089978276718	0.0449271672418895	1.3474909637795582	2	1.02621966767198	0.0373395803992608	0.936385196312446	0.02854546085605918	0	old
Adssl1	-1.30486958658346	-0.383905625805874	0.00660189536051441	2.1803313634821273	3	-1.22540374776969	-0.293257168767099	0.403345503643977	0.39432278005854954	0	old
Zc3h11a	1.22473954165722	0.292474972156648	0.0434573719089149	1.3619365412453062	2	-1.17530128760707	-0.233030637997658	0.52153463977931	0.2827168408991975	0	old
Pcdh19	1.21750847684023	0.283931817032712	0.0439828091665896	1.356717035853193	2	1.03264893872746	0.0463498762376665	0.946547450666059	0.02385760986088993	0	old
Olig1	-1.22566265616037	-0.293561955167072	0.0048887674084455	2.310800624554851	3	-1.09384455901287	-0.129407738245321	0.653620677853874	0.18467421697780714	0	old
H2-T23	-1.29602630430448	-0.374094999630343	0.00780108252751725	2.107845127680515	3	-1.10129248075218	-0.139197670077336	0.683062352045996	0.1655396507642368	0	old
Kcnn3	1.32027009773208	0.400833102914919	0.0229283059736872	1.6396280313344964	2	1.18320668186081	0.24270210482839	0.494418647435182	0.3059051578110718	0	old
Wdr6	1.13557444242458	0.183422284817568	0.0308368326433181	1.5109302362038066	2	1.10574633881498	0.145020465404367	0.580661925460098	0.23607665012423507	0	old
Grm5	1.19534272030922	0.257424316952831	0.0189396644339907	1.7226277199344973	2	-1.01581023975392	-0.0226309220558805	0.972776402917882	0.011986972823445605	0	old
Hapln2	-1.5743651839621	-0.654770221902212	0.0033632427760606	2.473241781957473	3	-1.1786824601993	-0.237175105256963	0.761323754648994	0.11843061923856904	0	old
Rpl10a	-1.21824705567538	-0.284806735751935	0.00505903396413163	2.295932404919277	3	1.0099755028877	0.0143203006097103	0.979098122648051	0.00917378216091837	0	old
Trpc5	1.30459377849113	0.383600653546941	0.0139342156392792	1.8559174728150576	2	-1.08326479457524	-0.115385940200449	0.918974769671562	0.03669641194667733	0	old
Rps4x	-1.08869252020652	-0.122596550739565	0.0342470304883966	1.465377079599679	2	-1.07384820024093	-0.102790067589693	0.602176298614182	0.2202763421205743	0	old
Gria4	1.1345256804905	0.182089265420108	0.044064690183956	1.3559092790281053	2	-1.05730538836964	-0.0803921398730908	0.862905742737873	0.06403664072103149	0	old
Grina	-1.10828439760088	-0.1483281398351	0.0439828091665896	1.356717035853193	2	1.02174982317081	0.0310419936785023	0.901215991131918	0.04517111078005724	0	old
Tmbim1	-1.32218805170886	-0.402927382574516	9.21881328671599e-5	4.035324980920488	3	1.11546289392996	0.157642522875104	0.828136153637344	0.08189825510849418	0	old
Hnrnpdl	1.12469660996375	0.169535882926095	0.0399980928444353	1.397960715844136	2	-1.0345279843536	-0.0489726711448592	0.834004431978017	0.07883164147439264	0	old
Rpl18	-1.14011550094782	-0.189179985972374	0.0187877289079918	1.7261257149680653	2	1.02870115496362	0.0408239298792492	0.908183540983719	0.04182637308548177	0	old
Lrguk	1.33918898179531	0.421359563246824	0.0409742145201247	1.3874893631472183	2	1.05832290820785	0.0817798798084597	0.906970476574764	0.04240684973081019	0	old
Rpl38	-1.21101655156169	-0.276218583193091	0.0409742145201247	1.3874893631472183	2	-1.09665803200947	-0.133113724066584	0.613471176287756	0.21220583762034645	0	old
Tenm1	1.28451619290438	0.361225077296419	0.0269354035922868	1.5696765127265306	2	-1.2175684227158	-0.284002848561473	0.429831700519452	0.3667015580093483	0	old
Rpl29	-1.10961013407736	-0.150052868978541	0.0248857323387206	1.604049574289643	2	-1.01595409898697	-0.022835222326834	0.954968233909326	0.02001107456006665	0	old
Itga4	1.24829098786585	0.319954278604695	0.0301828481295959	1.5202397815052389	2	-1.12164005570241	-0.165609776511254	0.735902522702792	0.13317970829283463	0	old
Dbndd2	-1.19526937675059	-0.257335793692641	0.0455836524682368	1.3411908791721308	2	-1.10704534708507	-0.146714319386698	0.737726810743265	0.13210443296256086	0	old
Cbx5	1.12325807522765	0.167689433594288	0.00682502280783687	2.1658958929610312	3	1.08205323516204	0.113771479030709	0.70963611210139	0.14896429215137263	0	old
Sst	-1.21643184610747	-0.282655491639122	0.00913390468572999	2.039343524662179	3	-1.14387638146081	-0.193931148716041	0.0825448203203395	1.0833101734838195	1	old
Epha7	1.20327787571729	0.266969845861079	0.0216445491675689	1.6646514556385892	2	-1.04073680566748	-0.0576052682847553	0.93455202034083	0.029396519305823644	0	old
Lynx1	-1.14988794401904	-0.20149327813944	4.41794326877046e-4	3.3547798652455096	3	-1.15043543872268	-0.202180023242065	0.0566915752635177	1.2464814752942934	1	old
B3galt1	1.1951043806135	0.257136628931564	0.0409752744396424	1.3874781289783744	2	-1.10361733423406	-0.142240022022309	0.696414623697688	0.1571321179043192	0	old
Kcnip3	-1.18677411707743	-0.247045367849911	7.52916374730358e-5	4.12325325754428	3	-1.07557815219415	-0.10511235571087	0.561956342964715	0.2502974224131101	0	old
Soga3	1.20437063292187	0.268279435282072	0.0310865882593863	1.5074269389869541	2	1.1127665713677	0.15415098562684	0.701522405362847	0.1539584538301186	0	old
Ppie	-1.29671981239239	-0.37486678418469	0.0255057302827753	1.593362237189095	2	1.03680250288553	0.0521411060668434	0.927437278901224	0.03271545136052407	0	old
Grin2b	1.20158205243433	0.264935169148781	0.0234809197179942	1.6292848963244602	2	-1.08766688202042	-0.121236772356582	0.809033031367909	0.0920337465608286	0	old
H2-D1	-1.17712326660495	-0.235265405174984	0.0284946465793135	1.545236725235362	2	-1.10973926164878	-0.150220748544963	0.552041076169216	0.25802860616586343	0	old
Wbp2	-1.11524210382805	-0.157356933533206	0.00552571245892472	2.2576117181801623	3	1.02701948339471	0.0384635510137577	0.885926357370365	0.05260237734198179	0	old
Caln1	1.2079390588363	0.272547671771923	0.0192423599428094	1.7157416658071414	2	1.18094029492109	0.239936027903049	0.189132047403277	0.7232348760668054	0	old
Glra3	1.50080494688112	0.585736488315812	0.00341183352254021	2.467012168010386	3	1.0766610228972	0.106564101727866	0.890775356152966	0.05023180649523625	0	old
Sf3b4	-1.16553731523419	-0.220995193777413	0.0197789642922704	1.7037964535845607	2	1.00277886860208	0.00400349992409977	0.993527787249114	0.002819981920852021	0	old
Dgkb	1.17427289294322	0.231767719815603	0.0177098374423124	1.7517854251583567	2	1.11889279818909	0.162071817431604	0.496356611100717	0.3042061892666059	0	old
Neat1	-1.42946823157835	-0.515478557951767	0.00557906154676201	2.2534388475389617	3	-1.0897942830056	-0.124055827756664	0.837707154659831	0.0769077753347102	0	old
Arid4a	1.20655961718037	0.270899202155858	0.00215732936517297	2.6660835449496867	3	-1.00320131515061	-0.00461114456043758	0.990852401244194	0.00399103380862646	0	old
Pigt	-1.13954950068322	-0.188463594931513	0.0115567133114561	1.9371656601760048	2	1.02402293435569	0.0342480267741502	0.922969935872474	0.03481244512504653	0	old
Pcp4	-1.28202106773529	-0.358419970277626	0.0168463099774565	1.773495212414496	2	-1.20279033375134	-0.266385178823492	0.0675509063513607	1.170368819539746	1	old
Nbeal2	1.32020046949455	0.400757016239868	0.0192423599428094	1.7157416658071414	2	1.01955537636716	0.0279401363556251	0.975877662826509	0.010604622588924834	0	old
Phgdh	-1.20673538695077	-0.271109356468619	0.0229283059736872	1.6396280313344964	2	1.15032789244129	0.202045149320147	0.429831700519452	0.3667015580093483	0	old
Cabp7	-1.25700698658457	-0.329992668440134	0.0370587262986294	1.4311095113793113	2	-1.22931631031334	-0.297856177391632	0.24923195477086	0.6033962762545969	0	old
Rsf1	1.13845623204614	0.187078828124745	0.0277176382563359	1.557243777521196	2	-1.00435111940213	-0.00626372114521775	0.988608420726995	0.00497569464431704	0	old
Epha6	1.39463491500154	0.479887505387172	0.00555790763366846	2.255088674996831	3	1.0481410939323	0.0678329361646397	0.952115279967881	0.02131046503685303	0	old
Stom	-1.36256155676164	-0.446321408332641	0.0200484846734997	1.6979184471239623	2	-1.00695054363554	-0.00999282713427292	0.990174782630186	0.0042881382994394935	0	old
Apbb1	-1.10685756734157	-0.146469585163153	0.0139342156392792	1.8559174728150576	2	-1.067984311405	-0.0948904541186909	0.50473726635885	0.2969346287386439	0	old
Muc3a	-1.30143466720224	-0.380102889406926	0.0198392973582263	1.7024737131722014	2	-1.29875034442555	-0.377124131728894	0.319867018093713	0.49503053827898663	0	old
Rbfox3	-1.10825790010236	-0.148293646642927	0.0439828091665896	1.356717035853193	2	-1.05728184402336	-0.0803600132139501	0.783360609824863	0.10603827012003317	0	old
Syt2	-1.47901947487436	-0.56464104913724	0.0082576668702086	2.0831426413630343	3	-1.77477800058075	-0.827638575326355	0.182684714711432	0.7382977886857034	0	old
Alcam	1.15310070631203	0.205518516591051	2.38117865949157e-4	3.6232080183202604	3	1.02510761208253	0.0357753665781908	0.924349872190538	0.03416361449250868	0	old
Yme1l1	1.14526480589388	0.195681214025194	0.0403510914023746	1.3941447141359973	2	1.02851795462947	0.0405669789176029	0.871709029317307	0.05962845549147999	0	old
Fam163b	-1.15125766612727	-0.20321076313266	0.00552571245892472	2.2576117181801623	3	-1.13138711812134	-0.178092649783341	0.0516059937917164	1.2872998541965273	1	old
Vwa5b1	1.62538635168979	0.700782685166683	0.0221021652738853	1.6555651778788514	2	1.19879868943288	0.261589411762159	0.815720203358157	0.0884587811667801	0	old
Glrx	-1.14651781968092	-0.19725877808967	0.0472950696974417	1.325184130188125	2	-1.09672558652794	-0.133202591848755	0.668861314980025	0.17466392166816197	0	old
Tomm34	-1.12160164390718	-0.165560368989536	0.0251025456349312	1.6002822347283323	2	1.05566850165749	0.0781568743776927	0.725074367298686	0.13961744770333864	0	old
Rhog	-1.40410019736797	-0.489645890833376	0.00173354431822558	2.7610650510858727	3	-1.17528471844043	-0.233010299023053	0.692255984319684	0.1597332812367279	0	old
Itpr1	1.11103885619482	0.151909272766003	0.0231605665900254	1.635250820423372	2	1.0260672725051	0.0371253221027062	0.856758828199797	0.06714141182519955	0	old
Fndc10	-1.16856532951883	-0.224738391320754	0.0455836524682368	1.3411908791721308	2	-1.1400633884612	-0.189114041649871	0.55860544894588	0.25289483226625964	0	old
Cpne4	1.2357067217433	0.305336379737108	0.0142699369307823	1.8455779463439204	2	1.16732369533337	0.223204671497932	0.264639823990245	0.5773448009731141	0	old
Ppp1r12a	1.10965106486082	0.150106085461904	0.049990106895195	1.301115934582803	2	1.02925239709792	0.04159680865652	0.902618188275025	0.04449591944439855	0	old
Ccdc30	1.23382667276047	0.303139739777346	0.0455836524682368	1.3411908791721308	2	-1.0089606827508	-0.0128699565001605	0.990315936948415	0.0042262318830130355	0	old
Sema7a	-1.1311536878689	-0.177794959091618	0.0298292762347629	1.5253572840520166	2	-1.07976261074069	-0.110714166136797	0.651099072396866	0.18635292338019507	0	old
Plxnb3	-1.3113255760617	-0.39102592252029	0.0020965474819619	2.678495297381314	3	-1.17331356317111	-0.230588619145435	0.723261524403174	0.1407046376041676	0	old
Fmod	-1.42514820155137	-0.511111953330552	0.0113534447756411	1.944872348156341	2	1.08979273306764	0.124053775911249	0.820119130563577	0.08612305738641601	0	old
Plekhb1	-1.28163741132042	-0.357988166107309	0.0370587262986294	1.4311095113793113	2	-1.08777607477501	-0.121381599730882	0.852100011638394	0.06950942876192633	0	old
Inf2	-1.3096230445424	-0.389151613267511	9.32759235864842e-4	3.030230442029531	3	-1.22012054389911	-0.287023688357348	0.372292266622661	0.42911598499564785	0	old
Myrf	-1.49128977842442	-0.576560620649931	0.00404669220093963	2.3928998276116773	3	-1.22044259332903	-0.287404435825894	0.583235445797779	0.23415608989139444	0	old
Plekhg3	-1.45487142772156	-0.540891662560027	0.00660189536051441	2.1803313634821273	3	-1.04795602874142	-0.0675781840055593	0.92977606764178	0.031621636712707055	0	old
Foxn3	-1.24238528582827	-0.313112648401692	0.0197150983367855	1.7052010523712906	2	-1.04693346077717	-0.0661697528157114	0.841282677917043	0.07505805315320094	0	old
Cryab	-1.35856785052742	-0.442086619424451	0.0142220437485877	1.8470379897555878	2	-1.04432052069067	-0.0625645688447311	0.951797750547057	0.021455325935827073	0	old
Rps3a1	-1.11202821380146	-0.153193391833992	0.0455836524682368	1.3411908791721308	2	-1.02134829540703	-0.0304749312199987	0.923167406080288	0.034719537387391135	0	old
Cdc73	1.23728023570202	0.30717229810662	0.00766168616605192	2.1156756413301396	3	1.02823893327057	0.0401755444844608	0.964259750771371	0.015805960774298407	0	old
Arhgef28	1.3366278737517	0.418597865267136	0.0439828091665896	1.356717035853193	2	1.21407581405509	0.279858514794736	0.517052644703067	0.28646523613223074	0	old
Efnb2	1.18927400720275	0.250081148464366	0.00468858343993587	2.328958350706131	3	1.09700473598524	0.133569754152847	0.703588505095658	0.15268126445946756	0	old
Pianp	-1.10752545398957	-0.147339856272431	0.0408760132222419	1.3885314690380843	2	-1.02521374280999	-0.0359247229451532	0.902099716354794	0.044745453734045884	0	old
Acvr2a	1.19899526880618	0.26182596593869	9.41152797968943e-4	3.026339862303152	3	1.06759259137856	0.0943611989603544	0.742056451219124	0.12956305493605916	0	old
Esyt2	1.1517191749538	0.203788985624868	0.0462593805080329	1.3348001874699464	2	1.04103073125565	0.058012657663005	0.796091639020501	0.0990369372494823	0	old
Zyx	-1.19521572863233	-0.257271038740594	0.00833853867825193	2.078910052429243	3	-1.02124275903139	-0.0303258491944326	0.945794381309092	0.024203270330853698	0	old
Il1rapl1	1.28035293484434	0.356541550197749	0.0136486933854505	1.8649089224437185	2	-1.10034675882107	-0.137958240474644	0.711654371352256	0.147730878637303	0	old
Epb41l3	-1.16688803220681	-0.222666135055784	0.0345391677227205	1.4616881316725776	2	-1.21888814986267	-0.285565744463455	0.131863882466163	0.8798741414786492	0	old
Efhd1	-1.36296877913171	-0.446752515402316	0.0187877289079918	1.7261257149680653	2	-1.11008025818989	-0.150663986401282	0.813243239670217	0.08977953823500968	0	old
Kif26b	1.31054195155253	0.390163536289822	0.035761601174952	1.4465830445215722	2	1.36296756635252	0.44675123168156	0.0601171882535956	1.2210013400362971	1	old
Plxnd1	1.22559191774084	0.293478688444655	0.044064690183956	1.3559092790281053	2	1.26190917491217	0.335608077024751	0.303811988431942	0.5173950928592983	0	old
Htr7	-1.31820152180898	-0.398570941127538	0.0310865882593863	1.5074269389869541	2	-1.33412996625681	-0.415899215653689	0.287333790124494	0.5416132984713206	0	old
Rian	1.0879167084568	0.121568107235199	0.0478201022069487	1.3203894999921721	2	1.04106805313524	0.058064378638991	0.752975047544059	0.12321941542410594	0	old
Ccnd2	1.28656281891458	0.363521901163394	0.0058141902326281	2.235510762791066	3	1.25959785781144	0.332963209007501	0.134502835488535	0.8712685600924726	0	old
Slc44a1	-1.18798815989601	-0.248520457565925	0.0283120108495079	1.5480292839435668	2	-1.04426466070261	-0.0624873980130268	0.921435080772402	0.03553525735808251	0	old
Agl	1.14292495288434	0.192730675944212	0.0477461711222321	1.3210614497799007	2	-1.03277504778001	-0.0465260501430086	0.914996243426501	0.03858068895266703	0	old
Cckbr	-1.24787724163371	-0.319476017856314	0.0403510914023746	1.3941447141359973	2	-1.03537473079138	-0.0501530135308894	0.877035310638478	0.05698292099344528	0	old
Col6a2	-1.39480879236278	-0.480067363476042	0.00358040073672859	2.4460683621801587	3	-1.13595277176671	-0.183902854777156	0.551361565945545	0.258563510771997	0	old
Gtf3c4	1.33917832370271	0.421348081343425	0.00475970825655001	2.322419666282335	3	1.02370932748099	0.0338061339594641	0.930914730760869	0.031090097381699235	0	old
Akap5	1.17879185566451	0.237308997952389	0.00209739743948133	2.6783192665213442	3	1.06452729230727	0.0902129380209331	0.749652860734988	0.12513979736560812	0	old
Gatm	-1.25131434342529	-0.323444255318134	0.00935475321247853	2.028967665125222	3	-1.152751078058	-0.20508101496538	0.651099072396866	0.18635292338019507	0	old
Swt1	1.82574363245741	0.868484198975666	0.0216445491675689	1.6646514556385892	2	1.29100764317635	0.368497541884438	0.36617345528658	0.4363131418486449	0	old
Cd9	-1.22622981637682	-0.294229390020285	0.0277176382563359	1.557243777521196	2	1.00964187669217	0.0138436550162943	0.987242445298905	0.005576180941685557	0	old
Kcnf1	1.16589981809051	0.221443827857964	0.0248857323387206	1.604049574289643	2	1.10779821881193	0.147695123959369	0.700482031668942	0.15460300048828873	0	old
Qdpr	-1.24266065814963	-0.313432383563942	0.0489221825451617	1.3104941762028717	2	-1.15477333529024	-0.207609700001509	0.612139009118545	0.21314994380564511	0	old
Plekhh1	-1.44368318749721	-0.529754181301453	0.0216445491675689	1.6646514556385892	2	-1.07830520899523	-0.108765583639838	0.919125553834839	0.036625159328548686	0	old
Adi1	-1.21966931417007	-0.2864900465786	0.0139342156392792	1.8559174728150576	2	-1.02063307323909	-0.0294642975943897	0.939881007668041	0.026927126170847287	0	old
Plxdc1	-1.40215625485963	-0.487647130767869	0.00550943487255815	2.2588929463962466	3	-1.2785100662899	-0.354463519616989	0.199577610387919	0.6998881816377464	0	old
Gprc5b	-1.15205813579251	-0.204213520689364	0.0478354016738517	1.3202505749154305	2	-1.02362848823978	-0.0336922041804425	0.94864273194136	0.022897316297739945	0	old
Tmem63a	-1.46460974353055	-0.550516298724572	0.0298292762347629	1.5253572840520166	2	-1.24647225322298	-0.317850768442622	0.748924500309326	0.12556196167534997	0	old
Myo1d	-1.37536058546739	-0.45980990712162	0.0342470304883966	1.465377079599679	2	-1.12487395720491	-0.169763355662096	0.833958020205788	0.0788558103356919	0	old
Camk2g	-1.1373283830458	-0.185648866535155	0.0304127037853722	1.5169449679890783	2	-1.1747769905513	-0.232386914099696	0.30478982922828	0.5159995294050516	0	old
Calb1	1.14699238949452	0.19785581883854	0.0472137237425955	1.3259317454470478	2	1.08963174198242	0.123840636118293	0.720184496111314	0.14255623220908153	0	old
Pacsin3	-1.23319882685487	-0.302405422118979	0.0434166367404796	1.3623438220981745	2	-1.14092717597232	-0.190206709052949	0.383860516315546	0.4158265568801126	0	old
Htr1b	1.28091565920163	0.357175485783112	0.0435514741589526	1.3609971401221466	2	1.27063000453788	0.345543992319112	0.503836229916062	0.29771060641532826	0	old
Ak4	1.40868807322504	0.494352190049781	0.00140882603168879	2.8511426322577393	3	1.27470555465913	0.350164036189106	0.232709255868712	0.6331863425716122	0	old
Pamr1	-1.25478737004167	-0.327442913039817	0.0473740507562541	1.3244594789858972	2	-1.31691666189653	-0.397164050778339	0.240837019338429	0.6182767563730573	0	old
Acp7	-3.41812254550631	-1.773204121012	3.7077900663242e-4	3.430884863421286	3	-1.18983233545301	-0.250758291304239	0.919413670033332	0.036489043357181505	0	old
Crh	1.56220983811443	0.643588251222824	7.5306604907431e-4	3.123166931514378	3	1.61067867961058	0.687668714051515	0.0671023472505603	1.1732622878766648	1	old
Tmem254a	-2.48477737932214	-1.31311660102897	0.00181999730449912	2.739929255224829	3	1.18067694172559	0.239614266743081	0.840570126235509	0.07542604883167243	0	old
Adgrd1	-1.41178169000896	-0.497517015598046	0.0039077340900725	2.4080749964228794	3	-1.28457470944206	-0.361290798224126	0.294876056309129	0.5303604903678005	0	old
Vwa3b	2.89082957094357	1.53148355713657	0.00555790763366846	2.255088674996831	3	1.91830463564663	0.939831845193272	0.608760353165132	0.21555363968408142	0	old
Tmem125	-1.72225220349135	-0.784296423852062	0.00908162486743862	2.0418364413654806	3	1.0564822972918	0.0792685932801512	0.952115279967881	0.02131046503685303	0	old
Sox18	-1.49221125624486	-0.577451796157271	0.013536111446258	1.8685060786330931	2	1.14467482029518	0.194937815110626	0.818985769944814	0.08672364413473889	0	old
Tymp	-1.72121970871492	-0.783431264979671	0.0177098374423124	1.7517854251583567	2	-1.29695792445554	-0.375131676841762	0.783360609824863	0.10603827012003317	0	old
Dct	3.71419518307948	1.89304963171433	0.0177306042098341	1.751276464595033	2	-1.01618570136063	-0.0231640693848179	0.995214773941704	0.002083185513251207	0	old
Rab37	-1.77546154057151	-0.828194109540694	0.0182722798374004	1.7382072622242963	2	1.05660458871235	0.0794355804753522	0.962657810098207	0.01652806136552085	0	old
Ntn5	-2.13281707926423	-1.09276023846111	0.019565092639433	1.708518091402488	2	-1.28642606250404	-0.363368540379836	0.664054324008348	0.1777963910355691	0	old
Dusp10	-1.49138103132262	-0.576648897306759	0.0198215913564461	1.7028614815571153	2	-1.1259221322755	-0.171107055424773	0.693677004901219	0.1588427019399029	0	old
Lrrc27	1.62932290003808	0.704272546232842	0.0210818745087523	1.6760907761628254	2	1.4915846583947	0.57684586354646	0.177484764432333	0.7508389215212995	0	old
Kazald1	-1.65908192556754	-0.730385128422629	0.027936809954751	1.5538231865591556	2	-1.35336992954204	-0.436556238848149	0.48983473234968	0.30995042392135064	0	old
Trhr	1.73203221705195	0.792465765485431	0.0298292762347629	1.5253572840520166	2	1.55188069550225	0.634017651195689	0.332595217397303	0.4780840000740884	0	old
Meis1	-1.67209087241056	-0.741653255082405	0.0455836524682368	1.3411908791721308	2	1.60608387947242	0.683547241135952	0.221494193659628	0.6546376540668045	0	old
